0.013705592778236594
-0.000650941350042446
-0.000635735475301137
-0.000620912071731168
-0.000606514948155440
-0.000592470766851316
-0.000578811497910196
-0.000565485733927243
-0.000552517946410783
-0.000539894716597034
-0.000527583955188828
-0.000515596631526620
-0.000503921239490111
-0.000492539614093302
-0.000481434699827081
-0.000470595806040209
-0.000460029878975247
-0.000449722767294690
-0.000439655278430254
-0.000429822258685731
-0.000420214056998786
-0.000410825078797762
-0.000401646803145952
-0.000392665934989293
-0.000383873889898520
-0.000375255197155751
-0.000366807383218748
-0.000358532989053692
-0.000350410041972683
-0.000342425620927274
-0.000334576304399074
-0.000326863127836914
-0.000319286584709156
-0.000311812140679844
-0.000304444274096138
-0.000297193704570242
-0.000290013085116858
-0.000282933461788020
-0.000275905092623035
-0.000268982560370279
-0.000268589201016820
-0.000242710130246863
-0.000248221081578622
-0.000245829956743287
-0.000239369061566631
-0.000231266602131255
-0.000222797419119666
-0.000214680684474358
-0.000207133872728843
-0.000200200616830438
-0.000193788289966874
-0.000187715085738993
-0.000181834281148993
-0.000176010465762218
-0.000170131412557157
-0.000164117759033556
-0.000157922195913764
-0.000151549124064006
-0.000145010221073843
-0.000138316553686392
-0.000131499411738504
-0.000124591269819175
-0.000117628204162516
-0.000110642564940247
-0.000103654840063450
-0.000096685080266595
-0.000089737734783717
-0.000082819704939966
-0.000075948174593098
-0.000069111687796600
-0.000062293659166915
-0.000055483894793476
-0.000048677939721241
-0.000041882348591179
-0.000035057519923586
-0.000028189213526226
-0.000021300644174582
-0.000014343015232645
-0.000007347405392437
-0.000000262581548690
0.000007519484517155
0.000011459190276851
0.000023624297328822
0.000029520284010741
0.000035203651714497
0.000042126815050027
0.000049926328266754
0.000058054490340127
0.000066022014826099
0.000073683785307973
0.000081045608243001
0.000088196159983415
0.000095292104204396
0.000102432915203536
0.000109667570342528
0.000117004286374381
0.000124417656774149
0.000131871502167473
0.000139299080325243
0.000146641896353054
0.000153875207319221
0.000160983155111004
0.000167965267929505
0.000174828347451207
0.000181583465265921
0.000188252678550589
0.000194850756702967
0.000201398370979074
0.000207910462481896
0.000214372313018640
0.000220780384572655
0.000227136641317015
0.000233434784891588
0.000239660359654065
0.000245770434431322
0.000251769674396667
0.000257666009740837
0.000263407002477402
0.000269019211769669
0.000274458599748323
0.000279654214027347
0.000285586116903869
0.000288589269045647
0.000295175818316188
0.000299972776612357
0.000303744045586456
0.000307627326321954
0.000311797906881339
0.000316086747503583
0.000320146474713788
0.000323834624141377
0.000327148330591011
0.000330138793345029
0.000332921372326852
0.000335565731861151
0.000338083772282022
0.000340448520736454
0.000342607923959450
0.000344523118753163
0.000346146442451814
0.000347439267786109
0.000348403607811312
0.000349055886969012
0.000349421255013596
0.000349521936626765
0.000349368478144504
0.000348972118388882
0.000348329004517999
0.000347435300440102
0.000346291985848772
0.000344872101412142
0.000343155402147314
0.000341139393216530
0.000338826859954495
0.000336226600897534
0.000333308947404811
0.000330081607546768
0.000326588057036276
0.000322794287134567
0.000318734975746186
0.000314399164501849
0.000309562820385872
0.000305440666743288
0.000299056404842006
0.000294176999323221
0.000288833327927372
0.000282548591336735
0.000275899211560283
0.000269152276520757
0.000262355875063805
0.000255290241177295
0.000247817442077800
0.000239927256407763
0.000231650819088060
0.000223084124045104
0.000214300491370100
0.000205320122341155
0.000196127282154713
0.000186680790271370
0.000176962149765917
0.000166958028725716
0.000156654967126975
0.000146071371773163
0.000135237481835883
0.000124184556986489
0.000112934484077597
0.000101488192601338
0.000089845183188758
0.000077993463136775
0.000065921867504252
0.000053640298635228
0.000041141548911343
0.000028418644609896
0.000015484214658387
0.000002360325439521
-0.000010913597198127
-0.000024347351013153
-0.000037943566922612
-0.000051643276636015
-0.000065468914293761
-0.000079393596348512
-0.000093376414779987
-0.000107809904898163
-0.000121367748992082
-0.000136370450298144
-0.000150710500456814
-0.000164836167059869
-0.000179379129630228
-0.000194133939937373
-0.000208889351536579
-0.000223476946073254
-0.000237990164121977
-0.000252545627144008
-0.000267158903553496
-0.000281815961353277
-0.000296444243157413
-0.000310973400584159
-0.000325377504889539
-0.000339662473732393
-0.000353863687749654
-0.000367993125236633
-0.000382043444583263
-0.000396011521007086
-0.000409871971398833
-0.000423588298986261
-0.000437124572276438
-0.000450453090710967
-0.000463570344469813
-0.000476474658315478
-0.000489170343434483
-0.000501663989770427
-0.000513932983040463
-0.000525962131329500
-0.000537747171874082
-0.000549273667776216
-0.000560523866807528
-0.000571451625210119
-0.000582057914989065
-0.000592372963516530
-0.000602346187358494
-0.000611992405829751
-0.000621302674140770
-0.000630159179652951
-0.000639106344933331
-0.000646824497141561
-0.000655004930318467
-0.000662621196064065
-0.000669460608527503
-0.000676006105185819
-0.000682254681066318
-0.000688116268097257
-0.000693404306857399
-0.000698124553759431
-0.000702376244652109
-0.000706189863881497
-0.000709573740628681
-0.000712485321125728
-0.000714865810242535
-0.000716688405116374
-0.000717951134658721
-0.000718685946683333
-0.000718909908134599
-0.000718611465650717
-0.000717784437163287
-0.000716412168842315
-0.000714470839698198
-0.000711938975738433
-0.000708799900249794
-0.000705061626921872
-0.000700735618313065
-0.000695833046887611
-0.000690371381924235
-0.000684336424009595
-0.000677708860881722
-0.000670485943287579
-0.000662664531714365
-0.000654248825741192
-0.000645204226676660
-0.000635523257738808
-0.000625262332998819
-0.000614393818763801
-0.000602927908554417
-0.000590889717729364
-0.000578076447863877
-0.000565160267552827
-0.000550953292455821
-0.000536585440769671
-0.000521747112721137
-0.000506022317625653
-0.000489711318104896
-0.000472897664997940
-0.000455617540917694
-0.000437736937699597
-0.000419213147945850
-0.000400127066678994
-0.000380523853398583
-0.000360433720316637
-0.000339847329900754
-0.000318727936796431
-0.000297060659271102
-0.000274848590643084
-0.000252131702790705
-0.000228949792623879
-0.000205310113766800
-0.000181221373658620
-0.000156690068659913
-0.000131719008303529
-0.000106313894838546
-0.000080478675025082
-0.000054237915216151
-0.000027621668104151
-0.000000653479568291
0.000026632922466597
0.000054231049554974
0.000082150808871188
0.000110385067069932
0.000138919227228444
0.000167715654732895
0.000196777044438502
0.000226112779323809
0.000255644163712158
0.000285361388622842
0.000315251423157995
0.000345235933082599
0.000375602768862481
0.000405601290433438
0.000436196894252982
0.000466743563484627
0.000497114530720889
0.000527709967745920
0.000558375156526795
0.000589026209906828
0.000619546307885660
0.000649991696967619
0.000680424588044139
0.000710785998110530
0.000741021691018624
0.000771082853669156
0.000800945900027945
0.000830619829950394
0.000860100686842878
0.000889375521469911
0.000918399100215216
0.000947113368259826
0.000975493683218680
0.001003523263369868
0.001031185220512476
0.001058463981554459
0.001085339219700794
0.001111797769234231
0.001137811812671123
0.001163343941328533
0.001188366821707879
0.001212839737573133
0.001236739027935954
0.001260065483770408
0.001282808053211883
0.001304947448262000
0.001326426502307232
0.001347217666824572
0.001367341498122500
0.001386726070279193
0.001405338288096217
0.001423177809545215
0.001440115232050404
0.001456532150660063
0.001471680816296150
0.001486263082397896
0.001500037129039837
0.001512662800699522
0.001524446871629901
0.001535330874908488
0.001545283227181429
0.001554172596160365
0.001561990873067254
0.001568808444425306
0.001574602020658787
0.001579331501074947
0.001582953841023813
0.001585437380058520
0.001586784714895491
0.001586993092721947
0.001586059240926717
0.001583957692187393
0.001580639568152555
0.001576083855599743
0.001570285647420679
0.001563240274526903
0.001554941834162235
0.001545374944808334
0.001534533482616141
0.001522404833199759
0.001508963848092510
0.001494198511583176
0.001478084760445180
0.001460604453967205
0.001441768657320594
0.001421585718205035
0.001400063305116114
0.001377162093372109
0.001352846241467756
0.001327163561393531
0.001300086554262344
0.001271587108527181
0.001241701937232214
0.001210258570128127
0.001177730662852694
0.001143461763060317
0.001107886087717307
0.001071080881376891
0.001032658253316168
0.000992834494224574
0.000951610628372933
0.000909031112069109
0.000865014314527268
0.000819525510054681
0.000772644692471412
0.000724397663524504
0.000674782834612815
0.000623789117896666
0.000571403363656116
0.000517644534529790
0.000462531330872031
0.000406086866329180
0.000348324661874148
0.000289228590546387
0.000228799837866392
0.000167060784354605
0.000104036864782343
0.000039751873973912
-0.000025785254937799
-0.000092557969907136
-0.000160546893566942
-0.000229746107817181
-0.000300135363310785
-0.000371702335969223
-0.000444440776361303
-0.000518317314001455
-0.000593294692621876
-0.000669324427413987
-0.000746404073676365
-0.000824566232129968
-0.000903741936420461
-0.000983899923848399
-0.001065046672343807
-0.001147092808747152
-0.001230253528092656
-0.001313989862785296
-0.001398793534876515
-0.001484480868807547
-0.001570750061973384
-0.001657937732387713
-0.001745890189210351
-0.001834579951725294
-0.001923902964354154
-0.002013864958466086
-0.002104502451827829
-0.002195738407822841
-0.002287511339444411
-0.002379787363010199
-0.002472544706495278
-0.002565774899204634
-0.002659441732210450
-0.002753505371501180
-0.002847920493587758
-0.002942638823982404
-0.003037642395082427
-0.003132909032902782
-0.003228395150264336
-0.003324051052474344
-0.003419827059984159
-0.003515693422275560
-0.003611619401642120
-0.003707563936235235
-0.003803498587251525
-0.003899381851513782
-0.003995174334481340
-0.004090853331507141
-0.004186376870205318
-0.004281697621123285
-0.004376744194080339
-0.004471475143936446
-0.004565924851601493
-0.004660033892386077
-0.004753730965907945
-0.004847008726796242
-0.004939728411500411
-0.005032164833614542
-0.005123780676851050
-0.005214870708867562
-0.005305488987953328
-0.005395223323505229
-0.005484336107924549
-0.005572725321639210
-0.005660377121659372
-0.005747180336346278
-0.005833084597993984
-0.005918127144855085
-0.006002259910758826
-0.006085420670686964
-0.006167567092133547
-0.006248666466862262
-0.006328707588514722
-0.006407658291358153
-0.006485480492785067
-0.006562134272109613
-0.006637568231805957
-0.006711757610017675
-0.006784686581931028
-0.006856322414914220
-0.006926624222019612
-0.006995546868024748
-0.007063066697404195
-0.007129168386462268
-0.007193821287702995
-0.007257003591102834
-0.007318682504530020
-0.007378819901638341
-0.007437401097626077
-0.007494403126004265
-0.007549802624635868
-0.007603544419088943
-0.007655572258462178
-0.007705936415921990
-0.007754629322593468
-0.007801583997295957
-0.007846809632813447
-0.007890133541948657
-0.007931909396309989
-0.007971693100619936
-0.008009582020332974
-0.008045849013087445
-0.008080077938431199
-0.008112475853545839
-0.008142991294703012
-0.008171651583016604
-0.008198392418564706
-0.008223147875942315
-0.008245965102815628
-0.008266848277055273
-0.008285771962750776
-0.008302720117752694
-0.008317679341395731
-0.008330661717367368
-0.008341666408952104
-0.008350684471105428
-0.008357710675633795
-0.008362724026202521
-0.008365721967685948
0.991633280245522442
-0.008365721967685948
-0.008362724026202521
-0.008357710675633795
-0.008350684471105428
-0.008341666408952104
-0.008330661717367368
-0.008317679341395731
-0.008302720117752694
-0.008285771962750776
-0.008266848277055273
-0.008245965102815628
-0.008223147875942315
-0.008198392418564706
-0.008171651583016604
-0.008142991294703012
-0.008112475853545839
-0.008080077938431199
-0.008045849013087445
-0.008009582020332974
-0.007971693100619936
-0.007931909396309989
-0.007890133541948657
-0.007846809632813447
-0.007801583997295957
-0.007754629322593468
-0.007705936415921990
-0.007655572258462178
-0.007603544419088943
-0.007549802624635868
-0.007494403126004265
-0.007437401097626077
-0.007378819901638341
-0.007318682504530020
-0.007257003591102834
-0.007193821287702995
-0.007129168386462268
-0.007063066697404195
-0.006995546868024748
-0.006926624222019612
-0.006856322414914220
-0.006784686581931028
-0.006711757610017675
-0.006637568231805957
-0.006562134272109613
-0.006485480492785067
-0.006407658291358153
-0.006328707588514722
-0.006248666466862262
-0.006167567092133547
-0.006085420670686964
-0.006002259910758826
-0.005918127144855085
-0.005833084597993984
-0.005747180336346278
-0.005660377121659372
-0.005572725321639210
-0.005484336107924549
-0.005395223323505229
-0.005305488987953328
-0.005214870708867562
-0.005123780676851050
-0.005032164833614542
-0.004939728411500411
-0.004847008726796242
-0.004753730965907945
-0.004660033892386077
-0.004565924851601493
-0.004471475143936446
-0.004376744194080339
-0.004281697621123285
-0.004186376870205318
-0.004090853331507141
-0.003995174334481340
-0.003899381851513782
-0.003803498587251525
-0.003707563936235235
-0.003611619401642120
-0.003515693422275560
-0.003419827059984159
-0.003324051052474344
-0.003228395150264336
-0.003132909032902782
-0.003037642395082427
-0.002942638823982404
-0.002847920493587758
-0.002753505371501180
-0.002659441732210450
-0.002565774899204634
-0.002472544706495278
-0.002379787363010199
-0.002287511339444411
-0.002195738407822841
-0.002104502451827829
-0.002013864958466086
-0.001923902964354154
-0.001834579951725294
-0.001745890189210351
-0.001657937732387713
-0.001570750061973384
-0.001484480868807547
-0.001398793534876515
-0.001313989862785296
-0.001230253528092656
-0.001147092808747152
-0.001065046672343807
-0.000983899923848399
-0.000903741936420461
-0.000824566232129968
-0.000746404073676365
-0.000669324427413987
-0.000593294692621876
-0.000518317314001455
-0.000444440776361303
-0.000371702335969223
-0.000300135363310785
-0.000229746107817181
-0.000160546893566942
-0.000092557969907136
-0.000025785254937799
0.000039751873973912
0.000104036864782343
0.000167060784354605
0.000228799837866392
0.000289228590546387
0.000348324661874148
0.000406086866329180
0.000462531330872031
0.000517644534529790
0.000571403363656116
0.000623789117896666
0.000674782834612815
0.000724397663524504
0.000772644692471412
0.000819525510054681
0.000865014314527268
0.000909031112069109
0.000951610628372933
0.000992834494224574
0.001032658253316168
0.001071080881376891
0.001107886087717307
0.001143461763060317
0.001177730662852694
0.001210258570128127
0.001241701937232214
0.001271587108527181
0.001300086554262344
0.001327163561393531
0.001352846241467756
0.001377162093372109
0.001400063305116114
0.001421585718205035
0.001441768657320594
0.001460604453967205
0.001478084760445180
0.001494198511583176
0.001508963848092510
0.001522404833199759
0.001534533482616141
0.001545374944808334
0.001554941834162235
0.001563240274526903
0.001570285647420679
0.001576083855599743
0.001580639568152555
0.001583957692187393
0.001586059240926717
0.001586993092721947
0.001586784714895491
0.001585437380058520
0.001582953841023813
0.001579331501074947
0.001574602020658787
0.001568808444425306
0.001561990873067254
0.001554172596160365
0.001545283227181429
0.001535330874908488
0.001524446871629901
0.001512662800699522
0.001500037129039837
0.001486263082397896
0.001471680816296150
0.001456532150660063
0.001440115232050404
0.001423177809545215
0.001405338288096217
0.001386726070279193
0.001367341498122500
0.001347217666824572
0.001326426502307232
0.001304947448262000
0.001282808053211883
0.001260065483770408
0.001236739027935954
0.001212839737573133
0.001188366821707879
0.001163343941328533
0.001137811812671123
0.001111797769234231
0.001085339219700794
0.001058463981554459
0.001031185220512476
0.001003523263369868
0.000975493683218680
0.000947113368259826
0.000918399100215216
0.000889375521469911
0.000860100686842878
0.000830619829950394
0.000800945900027945
0.000771082853669156
0.000741021691018624
0.000710785998110530
0.000680424588044139
0.000649991696967619
0.000619546307885660
0.000589026209906828
0.000558375156526795
0.000527709967745920
0.000497114530720889
0.000466743563484627
0.000436196894252982
0.000405601290433438
0.000375602768862481
0.000345235933082599
0.000315251423157995
0.000285361388622842
0.000255644163712158
0.000226112779323809
0.000196777044438502
0.000167715654732895
0.000138919227228444
0.000110385067069932
0.000082150808871188
0.000054231049554974
0.000026632922466597
-0.000000653479568291
-0.000027621668104151
-0.000054237915216151
-0.000080478675025082
-0.000106313894838546
-0.000131719008303529
-0.000156690068659913
-0.000181221373658620
-0.000205310113766800
-0.000228949792623879
-0.000252131702790705
-0.000274848590643084
-0.000297060659271102
-0.000318727936796431
-0.000339847329900754
-0.000360433720316637
-0.000380523853398583
-0.000400127066678994
-0.000419213147945850
-0.000437736937699597
-0.000455617540917694
-0.000472897664997940
-0.000489711318104896
-0.000506022317625653
-0.000521747112721137
-0.000536585440769671
-0.000550953292455821
-0.000565160267552827
-0.000578076447863877
-0.000590889717729364
-0.000602927908554417
-0.000614393818763801
-0.000625262332998819
-0.000635523257738808
-0.000645204226676660
-0.000654248825741192
-0.000662664531714365
-0.000670485943287579
-0.000677708860881722
-0.000684336424009595
-0.000690371381924235
-0.000695833046887611
-0.000700735618313065
-0.000705061626921872
-0.000708799900249794
-0.000711938975738433
-0.000714470839698198
-0.000716412168842315
-0.000717784437163287
-0.000718611465650717
-0.000718909908134599
-0.000718685946683333
-0.000717951134658721
-0.000716688405116374
-0.000714865810242535
-0.000712485321125728
-0.000709573740628681
-0.000706189863881497
-0.000702376244652109
-0.000698124553759431
-0.000693404306857399
-0.000688116268097257
-0.000682254681066318
-0.000676006105185819
-0.000669460608527503
-0.000662621196064065
-0.000655004930318467
-0.000646824497141561
-0.000639106344933331
-0.000630159179652951
-0.000621302674140770
-0.000611992405829751
-0.000602346187358494
-0.000592372963516530
-0.000582057914989065
-0.000571451625210119
-0.000560523866807528
-0.000549273667776216
-0.000537747171874082
-0.000525962131329500
-0.000513932983040463
-0.000501663989770427
-0.000489170343434483
-0.000476474658315478
-0.000463570344469813
-0.000450453090710967
-0.000437124572276438
-0.000423588298986261
-0.000409871971398833
-0.000396011521007086
-0.000382043444583263
-0.000367993125236633
-0.000353863687749654
-0.000339662473732393
-0.000325377504889539
-0.000310973400584159
-0.000296444243157413
-0.000281815961353277
-0.000267158903553496
-0.000252545627144008
-0.000237990164121977
-0.000223476946073254
-0.000208889351536579
-0.000194133939937373
-0.000179379129630228
-0.000164836167059869
-0.000150710500456814
-0.000136370450298144
-0.000121367748992082
-0.000107809904898163
-0.000093376414779987
-0.000079393596348512
-0.000065468914293761
-0.000051643276636015
-0.000037943566922612
-0.000024347351013153
-0.000010913597198127
0.000002360325439521
0.000015484214658387
0.000028418644609896
0.000041141548911343
0.000053640298635228
0.000065921867504252
0.000077993463136775
0.000089845183188758
0.000101488192601338
0.000112934484077597
0.000124184556986489
0.000135237481835883
0.000146071371773163
0.000156654967126975
0.000166958028725716
0.000176962149765917
0.000186680790271370
0.000196127282154713
0.000205320122341155
0.000214300491370100
0.000223084124045104
0.000231650819088060
0.000239927256407763
0.000247817442077800
0.000255290241177295
0.000262355875063805
0.000269152276520757
0.000275899211560283
0.000282548591336735
0.000288833327927372
0.000294176999323221
0.000299056404842006
0.000305440666743288
0.000309562820385872
0.000314399164501849
0.000318734975746186
0.000322794287134567
0.000326588057036276
0.000330081607546768
0.000333308947404811
0.000336226600897534
0.000338826859954495
0.000341139393216530
0.000343155402147314
0.000344872101412142
0.000346291985848772
0.000347435300440102
0.000348329004517999
0.000348972118388882
0.000349368478144504
0.000349521936626765
0.000349421255013596
0.000349055886969012
0.000348403607811312
0.000347439267786109
0.000346146442451814
0.000344523118753163
0.000342607923959450
0.000340448520736454
0.000338083772282022
0.000335565731861151
0.000332921372326852
0.000330138793345029
0.000327148330591011
0.000323834624141377
0.000320146474713788
0.000316086747503583
0.000311797906881339
0.000307627326321954
0.000303744045586456
0.000299972776612357
0.000295175818316188
0.000288589269045647
0.000285586116903869
0.000279654214027347
0.000274458599748323
0.000269019211769669
0.000263407002477402
0.000257666009740837
0.000251769674396667
0.000245770434431322
0.000239660359654065
0.000233434784891588
0.000227136641317015
0.000220780384572655
0.000214372313018640
0.000207910462481896
0.000201398370979074
0.000194850756702967
0.000188252678550589
0.000181583465265921
0.000174828347451207
0.000167965267929505
0.000160983155111004
0.000153875207319221
0.000146641896353054
0.000139299080325243
0.000131871502167473
0.000124417656774149
0.000117004286374381
0.000109667570342528
0.000102432915203536
0.000095292104204396
0.000088196159983415
0.000081045608243001
0.000073683785307973
0.000066022014826099
0.000058054490340127
0.000049926328266754
0.000042126815050027
0.000035203651714497
0.000029520284010741
0.000023624297328822
0.000011459190276851
0.000007519484517155
-0.000000262581548690
-0.000007347405392437
-0.000014343015232645
-0.000021300644174582
-0.000028189213526226
-0.000035057519923586
-0.000041882348591179
-0.000048677939721241
-0.000055483894793476
-0.000062293659166915
-0.000069111687796600
-0.000075948174593098
-0.000082819704939966
-0.000089737734783717
-0.000096685080266595
-0.000103654840063450
-0.000110642564940247
-0.000117628204162516
-0.000124591269819175
-0.000131499411738504
-0.000138316553686392
-0.000145010221073843
-0.000151549124064006
-0.000157922195913764
-0.000164117759033556
-0.000170131412557157
-0.000176010465762218
-0.000181834281148993
-0.000187715085738993
-0.000193788289966874
-0.000200200616830438
-0.000207133872728843
-0.000214680684474358
-0.000222797419119666
-0.000231266602131255
-0.000239369061566631
-0.000245829956743287
-0.000248221081578622
-0.000242710130246863
-0.000268589201016820
-0.000268982560370279
-0.000275905092623035
-0.000282933461788020
-0.000290013085116858
-0.000297193704570242
-0.000304444274096138
-0.000311812140679844
-0.000319286584709156
-0.000326863127836914
-0.000334576304399074
-0.000342425620927274
-0.000350410041972683
-0.000358532989053692
-0.000366807383218748
-0.000375255197155751
-0.000383873889898520
-0.000392665934989293
-0.000401646803145952
-0.000410825078797762
-0.000420214056998786
-0.000429822258685731
-0.000439655278430254
-0.000449722767294690
-0.000460029878975247
-0.000470595806040209
-0.000481434699827081
-0.000492539614093302
-0.000503921239490111
-0.000515596631526620
-0.000527583955188828
-0.000539894716597034
-0.000552517946410783
-0.000565485733927243
-0.000578811497910196
-0.000592470766851316
-0.000606514948155440
-0.000620912071731168
-0.000635735475301137
-0.000650941350042446
0.013705592778236594
