0.000160318872108006
0.000183652044846582
0.000278298363370848
0.000394470374302542
0.000530607556117964
0.000682773228260686
0.000844482795836181
0.001006676490740481
0.001157102482434176
0.001281326207134582
0.001362176999122938
0.001380979813579456
0.001317926312862917
0.001153379723095813
0.000868994792609963
0.000448997558386170
-0.000118210907520229
-0.000838766774582783
-0.001711718495794319
-0.002727978382746130
-0.003869213769928934
-0.005107286029851301
-0.006403982404709348
-0.007711220536792077
-0.008971888638493249
-0.010121090525194321
-0.011088110560962108
-0.011798680707681843
-0.012177818166055215
-0.012152896922955170
-0.011656987030117798
-0.010632273552945447
-0.009033311573101794
-0.006830098815846931
-0.004010610794917943
-0.000582871543487250
0.003423762736555909
0.007958078614486034
0.012947394653767048
0.018298894821632321
0.023901824511228922
0.029630602302620761
0.035348603005127106
0.040912620324039070
0.046177710903048660
0.051002304885411825
0.055253334938504532
0.058811140226457781
0.061573997519025453
0.063461966445459456
0.064419989257049809
0.064419989257049809
0.063461966445459456
0.061573997519025453
0.058811140226457781
0.055253334938504532
0.051002304885411825
0.046177710903048660
0.040912620324039070
0.035348603005127106
0.029630602302620761
0.023901824511228922
0.018298894821632321
0.012947394653767048
0.007958078614486034
0.003423762736555909
-0.000582871543487250
-0.004010610794917943
-0.006830098815846931
-0.009033311573101794
-0.010632273552945447
-0.011656987030117798
-0.012152896922955170
-0.012177818166055215
-0.011798680707681843
-0.011088110560962108
-0.010121090525194321
-0.008971888638493249
-0.007711220536792077
-0.006403982404709348
-0.005107286029851301
-0.003869213769928934
-0.002727978382746130
-0.001711718495794319
-0.000838766774582783
-0.000118210907520229
0.000448997558386170
0.000868994792609963
0.001153379723095813
0.001317926312862917
0.001380979813579456
0.001362176999122938
0.001281326207134582
0.001157102482434176
0.001006676490740481
0.000844482795836181
0.000682773228260686
0.000530607556117964
0.000394470374302542
0.000278298363370848
0.000183652044846582
0.000160318872108006
